0000100000000000000000001
0000100010000000000000111
1010000000000000000000101
0000000010001000000000000
1010100000000000000000000
0001100010000000000000101
1001100000000000000000010
1010000000000000000000101
0000000010001000000000000
1010100000000000000000000
0001100010000000000000101
1001100000000000000000010
1010000000000000000000101
0000000010001000000000000
1010100000000000000000000
0001100010000000000000101
1001100000000000000000010
1010000000000000000000101
0000000010001000000000000
1010100000000000000000000
0001100010000000000000101
1001100000000000000000010
1010000000000000000000101
0000000010001000000000000
1010100000000000000000000
0001100010000000000000101
1001100000000000000000010
1010000000000000000000101
0000000010001000000000000
1010100000000000000000000
0001100010000000000000101
1001100000000000000000010
1010000000000000000000101
0000000010001000000000000
1010100000000000000000000
0001100010000000000000101
1001100000000000000000010
1010000000000000000000101
0000000010001000000000000
1010100000000000000000000
0001100010000000000000101
1001100000000000000000010
1010000000000000000000101
0000000010001000000000000
1010100000000000000000000
0001100010000000000000101
1001100000000000000000010
1010000000000000000000101
0000000010001000000000000
1010100000000000000000000
0001100010000000000000101
1001100000000000000000010
1010000000000000000000101
