OP_CODE FUNCODE FLAGS   CLR     LF      Microinstruccion     Nivel   
00000   0000    0000    0      0       00000100010000110011  ALTO   
00000   0000    0000    0      0       00000100010000110011  BAJO   
00000   0000    0000    0      0       00000100010000110011  ALTO   
00000   0000    0000    0      0       00000100010000110011  BAJO   
00000   0000    0001    0      1       00000100010000110011  ALTO   
00000   0000    0001    0      1       00000100010000110011  BAJO   
00000   0000    0010    0      1       00000100010000110011  ALTO   
00000   0000    0010    0      1       00000100010000110011  BAJO   
00000   0001    0001    0      1       00000100010001110011  ALTO   
00000   0001    0001    0      1       00000100010001110011  BAJO   
00000   0010    0100    0      1       00000100010000000011  ALTO   
00000   0010    0100    0      1       00000100010000000011  BAJO   
00000   0011    1100    0      1       00000100010000010011  ALTO   
00000   0011    1100    0      1       00000100010000010011  BAJO   
00000   0100    0011    0      1       00000100010000100011  ALTO   
00000   0100    0011    0      1       00000100010000100011  BAJO   
00000   0101    1000    0      1       00000100010011010011  ALTO   
00000   0101    1000    0      1       00000100010011010011  BAJO   
00000   0110    0001    0      1       00000100010011000011  ALTO   
00000   0110    0001    0      1       00000100010011000011  BAJO   
00000   0111    0100    0      1       00000100010010100011  ALTO   
00000   0111    0100    0      1       00000100010010100011  BAJO   
00000   1000    0010    0      1       00000100010011010011  ALTO   
00000   1000    0010    0      1       00000100010011010011  BAJO   
00000   1001    0000    0      0       00000001110000000000  ALTO   
00000   1001    0000    0      0       00000001110000000000  BAJO   
00000   1010    0000    0      0       00000000110000000000  ALTO   
00000   1010    0000    0      0       00000000110000000000  BAJO   
00000   1011    0000    0      0       00000000000000000000  ALTO   
00000   1011    0000    0      0       00000000000000000000  BAJO   
00000   1100    0000    0      0       00000000000000000000  ALTO   
00000   1100    0000    0      0       00000000000000000000  BAJO   
00001   0111    0000    0      0       00000000010000000000  ALTO   
00001   0111    0000    0      0       00000000010000000000  BAJO   
00010   0100    0000    0      0       00000100010000001000  ALTO   
00010   0100    0000    0      0       00000100010000001000  BAJO   
00011   1000    0000    0      0       00001000000000001100  ALTO   
00011   1000    0000    0      0       00001000000000001100  BAJO   
00100   0110    0000    0      0       00001000000100110001  ALTO   
00100   0110    0000    0      0       00001000000100110001  BAJO   
00101   0000    0010    0      1       00000100010100110011  ALTO   
00101   0000    0010    0      1       00000100010100110011  BAJO   
00110   0110    0001    0      1       00000100010101110011  ALTO   
00110   0110    0001    0      1       00000100010101110011  BAJO   
00111   0100    0011    0      1       00000100010100000011  ALTO   
00111   0100    0011    0      1       00000100010100000011  BAJO   
01000   1010    0100    0      1       00000100010100010011  ALTO   
01000   1010    0100    0      1       00000100010100010011  BAJO   
01001   0100    1000    0      1       00000100010100100011  ALTO   
01001   0100    1000    0      1       00000100010100100011  BAJO   
01010   0001    1100    0      1       00000100010111010011  ALTO   
01010   0001    1100    0      1       00000100010111010011  BAJO   
01011   0011    0101    0      1       00000100010111000011  ALTO   
01011   0011    0101    0      1       00000100010111000011  BAJO   
01100   1111    1010    0      1       00000100010110100011  ALTO   
01100   1111    1010    0      1       00000100010110100011  BAJO   
10111   0000    0000    0      1       00000110010100110001  ALTO   
10111   0000    0000    0      1       00000110010100110001  BAJO   
01101   1111    0000    0      1       00000000000000000000  ALTO   
01101   1111    0000    0      1       00000000000000000000  BAJO   
01101   1011    0010    0      1       00000000000000000000  ALTO   
01101   1011    0010    0      1       10010000001100110010  BAJO   
01101   1101    0010    0      1       00000000000000000000  ALTO   
01101   1101    0010    0      1       10010000001100110010  BAJO   
01110   1110    0010    0      1       00000000000000000000  ALTO   
01110   1110    0010    0      1       00000000000000000000  BAJO   
01110   1100    0000    0      1       00000000000000000000  ALTO   
01110   1100    0000    0      1       10010000001100110010  BAJO   
01110   0011    0000    0      1       00000100010000010011  ALTO   
01110   0011    0000    0      1       10010000001100110010  BAJO   
01111   0001    1100    0      1       00000100010001110011  ALTO   
01111   0001    1100    0      1       10010000001100110010  BAJO   
01111   0000    1000    0      1       00000100010000110011  ALTO   
01111   0000    1000    0      1       10010000001100110010  BAJO   
01111   0010    0100    0      1       00000100010000000011  ALTO   
01111   0010    0100    0      1       10010000001100110010  BAJO   
10000   0100    0000    0      1       00000100010000100011  ALTO   
10000   0100    0000    0      1       10010000001100110010  BAJO   
10000   0110    1110    0      1       00000100010011000011  ALTO   
10000   0110    1110    0      1       10010000001100110010  BAJO   
10000   0101    1000    0      1       00000100010011010011  ALTO   
10000   0101    1000    0      1       10010000001100110010  BAJO   
10001   0111    1010    0      1       00000100010010100011  ALTO   
10001   0111    1010    0      1       00000100010010100011  BAJO   
10001   1010    1100    0      1       00000000110000000000  ALTO   
10001   1010    1100    0      1       00000000110000000000  BAJO   
10001   1000    0000    0      1       00000100010011010011  ALTO   
10001   1000    0000    0      1       00000100010011010011  BAJO   
10010   1111    1000    0      1       00000000000000000000  ALTO   
10010   1111    1000    0      1       00000000000000000000  BAJO   
10010   1001    1010    0      1       00000001110000000000  ALTO   
10010   1001    1010    0      1       00000001110000000000  BAJO   
10010   1101    1100    0      1       00000000000000000000  ALTO   
10010   1101    1100    0      1       00000000000000000000  BAJO   
10011   1001    1100    0      0       00010000000000000000  ALTO   
10011   1001    1100    0      0       00010000000000000000  BAJO   
10100   1111    0000    0      0       01010000000000000000  ALTO   
10100   1111    0000    0      0       01010000000000000000  BAJO   
10101   0000    0000    0      0       00100000000000000000  ALTO   
10101   0000    0000    0      0       00100000000000000000  BAJO   
10110   0000    0000    0      0       00000000000000000000  ALTO   
10110   0000    0000    0      0       00000000000000000000  BAJO   
11000   0000    0000    0      0       00000000000000000000  ALTO   
11000   0000    0000    0      0       00000000000000000000  BAJO   
