A      OPCODE 19..16 15..12 11...8 7...4  3...0  
000    00001   0000   0000   0000   0010   0011   
001    00001   0001   1111   1111   1101   0011   
002    00001   0010   0000   0001   0110   0101   
003    10001   0001   0000   0000   0000   0110   
004    10001   0010   0001   0000   0000   0011   
005    00011   0010   0000   0000   0010   0000   
006    10011   0000   0000   0000   0000   1101   
007    00011   0001   0000   0000   0010   0000   
008    10011   0000   0000   0000   0000   1101   
009    10001   0010   0000   0000   0000   0011   
00A    00011   0010   0000   0000   0010   0000   
00B    10011   0000   0000   0000   0000   1101   
00C    00011   0000   0000   0000   0010   0000   
00D    10110   0000   0000   0000   0000   0000   
00E    10011   0000   0000   0000   0000   1101   
00F    00000   0000   0000   0000   0000   0000   
000    00001   0000   0000   0000   0010   0011   
001    00001   0001   1111   1111   1101   0011   
002    00001   0010   0000   0001   0110   0101   
003    10001   0001   0000   0000   0000   0110   
004    10001   0010   0001   0000   0000   0011   
005    00011   0010   0000   0000   0010   0000   
006    10011   0000   0000   0000   0000   1101   
007    00011   0001   0000   0000   0010   0000   
008    10011   0000   0000   0000   0000   1101   
009    10001   0010   0000   0000   0000   0011   
00A    00011   0010   0000   0000   0010   0000   
00B    10011   0000   0000   0000   0000   1101   
00C    00011   0000   0000   0000   0010   0000   
00D    10110   0000   0000   0000   0000   0000   
00E    10011   0000   0000   0000   0000   1101   
00F    00000   0000   0000   0000   0000   0000   
